44 0.820719 0.906010 0.189906 0.183646
45 0.531563 0.186646 0.200906 0.130750
45 0.775672 0.610417 0.226375 0.236917
45 0.901391 0.805719 0.197218 0.297354
45 0.499047 0.502073 0.264688 0.179646
45 0.693187 0.847594 0.251938 0.289937
45 0.622750 0.399625 0.207313 0.143833
45 0.652055 0.308385 0.236328 0.134521
45 0.637227 0.164010 0.145297 0.130979
60 0.500000 0.543688 1.000000 0.912625
42 0.395453 0.918188 0.132469 0.137667
45 0.144422 0.291271 0.183094 0.125417
45 0.134875 0.489365 0.269750 0.191688
